Fear
36 [size]
000125 000275 000525 001275 007250 042750 082500 [cost]
000014 000052 000141 000441 001920 008202 004101 [attack]
000134 000145 000156 000167 000178 000189 001200 [range]
00025.0 0024.5 00024.0 0023.0 00022.0 0020.0 000006 [cooldown]
000005 000006 000007 000008 000010 000015 000030 [shotspeed]
0000.19 000.21 0000.23 000.24 0000.25 000.26 -000001 [acceleration]
000100 000100 000100 000100 000100 000100 000100 [shotspan]

Courage
61 [size]
000181 000818 001818 008181 018181 081818 181818 [cost]
000081 000181 000818 001818 008181 018181 081818 [attack]
000245 000275 000305 000335 000365 000400 000500 [range]
000045 000060 000075 000090 000105 000120 000010 [cooldown]
-00002 -000003 -00004 -000005 -00006 -000015 -00010 [shotspeed]
0000.25 0000.30 000.35 0000.40 000.50 003.75 000001 [acceleration]
000130 000120 000110 000100 000090 000080 000150 [shotspan]

Ortho
24 [size]
000045 000260 000720 002640 007300 021200 091200 [cost]
000022 000077 000272 000727 002772 007227 072227 [attack]
000072 000085 000098 000111 000125 000150 000325 [range]
000010 00010.5 0011.0 00011.5 0012.0 00012.5 000030 [cooldown]
000017 000016 000015 000014 000013 000012 000000 [shotspeed]
000.211 00.222 000.233 00.244 000.255 00.266 000.277 [acceleration]
000100 000095 000090 000085 000080 000075 000295 [shotspan]

Cut
21 [size]
000150 000510 001500 005100 015000 051000 151000 [cost]
000101 000301 001001 003001 010001 030001 100001 [attack]
000165 000195 000205 000270 000380 000190 000350 [range]
000070 000075 000080 000085 000090 000105 000060 [cooldown]
0000.40 000.54 0000.33 001.20 0000.00 -003.33 0006.66 [shotspeed]
00.0000 0.0005 00.0010 0.0050 00.0150 00.033 -00.066 [acceleration]
000330 000270 000360 000150 000210 000240 000245 [shotspan]

Limited
45 [size]
000123 000432 002098 008321 022345 062109 189876 [cost]
000060 000250 001100 006500 011000 043000 071000 [attack]
000355 000345 000335 000325 000455 000310 000155 [range]
000010 000007 000005 000008 000006 000010 000003 [cooldown]
00000.0 0000.1 0000.5 00000.3 -0001.5 0000.5 00001.0 [shotspeed]
000000 000000 -0000.2 000001 000000 -000.01 -0000.1 [acceleration]
000120 000135 000140 000155 000360 000165 000320 [shotspan]

Love
33 [size]
000300 000900 003000 009000 030000 090000 300000 [cost]
1.1500 1.25000 1.35000 1.5000 1.75000 2.00000 2.0000 [friendship bonus]
000065 000075 000085 000090 000095 000100 001200 [range]
999999 999999 999999 999999 999999 999999 999999 [cooldown]
000000 000000 000000 000000 000000 000000 000000 [shotspeed]
000000 000000 000000 000000 000000 000000 000000 [acceleration]
000000 000000 000000 000000 000000 000000 000000 [shotspan]

Circuit
27 [size]
000500 000950 001350 004250 008650 025550 052350 [cost]
000025 000050 000125 000250 000500 001250 002500 [attack]
000256 000270 000285 000300 000315 000330 001200 [range]
000015 000016 000017 000018 000019 000020 000021 [cooldown]
00001.9 0001.8 00001.7 0001.6 00001.5 0001.4 00003.3 [shotspeed]
000.050 00.048 000.046 00.044 000.042 00.040 000.035 [acceleration]
000155 000165 000175 000185 000195 000220 000495 [shotspan]

Pride
40 [size]
000900 002000 004500 009000 032500 060000 250000 [cost]
000001 000001 000001 000001 000001 000001 000001 [attack]
000100 000122 000144 000166 000188 000222 000088 [range]
000075 000070 000065 000060 000055 000050 000015 [cooldown]
00000.8 0001.9 00001.0 0003.1 00001.2 0001.3 00000.0 [shotspeed]
000.077 00.078 000.119 00.090 000.141 00.112 000.225 [acceleration]
000150 000160 000170 000180 000290 000450 000910 [shotspan]

Strategist
30 [size]
000450 001175 003224 007975 018525 038750 128175 [cost]
0.16000 0.21000 0.2700 0.3300 0.39000 0.4500 0.45000 [percent attack]
001200 001200 001200 001200 001200 001200 001200 [range]
000045 000050 000055 000060 000065 000070 000030 [cooldown]
000009 000008 000007 000006 000005 000004 000012 [shotspeed]
00000.3 0000.3 00000.3 0000.3 00000.3 0000.3 00000.3 [acceleration]
000180 000180 000180 000180 000180 000180 000180 [shotspan]

Turning
15 [size]
000100 000300 001000 003000 010000 030000 100000 [cost]
000031 000131 000310 001310 003110 013110 031110 [attack]
000100 000110 000120 000130 000140 000150 000175 [range]
000003 000002 000003 000002 000003 0001.5 000001 [cooldown]
000001 000004 000000 000002 000009 000003 000011 [shotspeed]
000000 000000 000000 000000 000000 000000 -000.55 [acceleration]
000060 000055 000050 000045 000040 000030 000025 [shotspan]

Danmaku
101 [size]
024999 049999 074999 099999 199999 499999 999999 [cost]
012499 024999 049999 099999 149999 249999 499999 [attack]
000200 000250 000300 000350 000400 000450 000500 [range]
000002 000002 000002 000002 000002 000002 000002 [cooldown]
000002 000002 000002 000002 000002 000002 000002 [shotspeed]
000000 000000 000000 000000 000000 000000 000000 [acceleration]
333333 333333 333333 333333 333333 333333 333333 [shotspan]

Hate
33 [size]
000069 000369 000969 003693 009669 036969 096969 [cost]
0.90000 0.7500 0.67000 0.5000 0.33000 0.2500 0.10000 [friendship bonus]
000045 000065 000085 000105 000125 000185 000255 [range]
999999 999999 999999 999999 999999 999999 999999 [cooldown]
000000 000000 000000 000000 000000 000000 000000 [shotspeed]
000000 000000 000000 000000 000000 000000 000000 [acceleration]
000000 000000 000000 000000 000000 000000 000000 [shotspan]

Rallying
Talking
No Return
Focal
Vanishing
End